2 0.305924 0.228328 0.008206 0.008316
2 0.169462 0.033381 0.023724 0.023724
2 0.200217 0.033325 0.023385 0.023611
2 0.231285 0.033381 0.023385 0.023724
2 0.169177 0.064193 0.023724 0.023497
2 0.199876 0.064448 0.023272 0.023724
2 0.168892 0.095175 0.023724 0.023611
2 0.199620 0.095317 0.023045 0.023611
2 0.231000 0.064392 0.023385 0.023611
2 0.230715 0.095346 0.023385 0.023385
2 0.262124 0.064362 0.023497 0.023836
2 0.293078 0.064505 0.023272 0.023836
2 0.292651 0.095460 0.023272 0.023611
2 0.261981 0.095460 0.023497 0.023611
2 0.262448 0.033432 0.023291 0.023540
2 0.293188 0.033515 0.023206 0.023707
