2 0.169317 0.034317 0.023720 0.023600
2 0.199980 0.034198 0.023480 0.023362
2 0.231071 0.034114 0.023242 0.023480
2 0.262317 0.034174 0.023600 0.023600
2 0.293123 0.034151 0.023362 0.023838
2 0.169032 0.065218 0.023720 0.023838
2 0.199719 0.065159 0.023242 0.023720
2 0.230905 0.065099 0.023480 0.023600
2 0.262257 0.065218 0.023480 0.023838
2 0.292921 0.065159 0.023242 0.023720
2 0.168830 0.096249 0.023600 0.023480
2 0.199553 0.096107 0.023480 0.023480
2 0.230763 0.096166 0.023480 0.023600
2 0.261972 0.096000 0.023480 0.023838
2 0.292696 0.096143 0.023362 0.023838
2 0.306293 0.229136 0.008088 0.008223
