2 0.169551 0.033121 0.023902 0.023774
2 0.200233 0.033278 0.023131 0.023517
2 0.231158 0.033406 0.023131 0.023774
2 0.262575 0.033406 0.023259 0.023774
2 0.293279 0.033406 0.023387 0.023774
2 0.169359 0.064267 0.023517 0.023645
2 0.199870 0.064359 0.023259 0.023259
2 0.230845 0.064267 0.023645 0.023645
2 0.262069 0.064395 0.023387 0.023902
2 0.293058 0.064538 0.023517 0.023902
2 0.168995 0.095192 0.023645 0.023645
2 0.199521 0.095270 0.023131 0.023517
2 0.230716 0.095270 0.023387 0.023517
2 0.261862 0.095398 0.023259 0.023774
2 0.292773 0.095477 0.023517 0.023645
2 0.305918 0.228487 0.008193 0.008348
