2 0.169179 0.034185 0.024298 0.024191
2 0.199945 0.034026 0.023980 0.024158
2 0.231085 0.034108 0.023841 0.024037
2 0.262368 0.034039 0.023416 0.023616
2 0.293155 0.034039 0.023711 0.023616
2 0.168999 0.065288 0.023653 0.023692
2 0.199734 0.065007 0.023272 0.023701
2 0.230841 0.065129 0.023352 0.023660
2 0.292840 0.065169 0.023366 0.023739
2 0.262023 0.065129 0.023296 0.023660
2 0.168822 0.096102 0.023583 0.023757
2 0.199548 0.096042 0.023472 0.023637
2 0.230619 0.096080 0.023479 0.023996
2 0.261930 0.096078 0.023680 0.023993
2 0.292713 0.096153 0.023681 0.023858
2 0.306214 0.229067 0.008214 0.008368
